height: 10105 - time: 2021-12-16T13:30:20Z - kava1j7run79ex2dd5k78pk07865d4srj3gt9wly4sp - what: 198.0luna - for: 6408.60957usdx - log: 
height: 10110 - time: 2021-12-16T13:30:45Z - kava1j7run79ex2dd5k78pk07865d4srj3gt9wly4sp - what: 6400.0akt - for: 40959.175236usdx - log: 
height: 10117 - time: 2021-12-16T13:31:20Z - kava1j7run79ex2dd5k78pk07865d4srj3gt9wly4sp - what: 60000.0usdx - for: 13978.008995kava - log: 
height: 87792 - time: 2021-12-21T01:48:35Z - kava1j7run79ex2dd5k78pk07865d4srj3gt9wly4sp - what: 11650.0atom - for: 428473.128371usdx - log: 
