height: 143272 - time: 2021-12-24T07:09:13Z - previous bidder: kava1gfdkdeyvamglk2tc8quqtddjksmnr7eya7uh3k - id: 673 - what: 11967.889luna
height: 143294 - time: 2021-12-24T07:11:03Z - previous bidder: kava1svtehhtemmuk5hl9qxydhswdhqcfjxvrphws65 - id: 673 - what: 11848.21011luna
height: 143296 - time: 2021-12-24T07:11:13Z - previous bidder: kava1gfdkdeyvamglk2tc8quqtddjksmnr7eya7uh3k - id: 673 - what: 11717.879799luna
