height: 89638 - time: 2021-12-21T04:23:00Z - previous bidder: kava1gfdkdeyvamglk2tc8quqtddjksmnr7eya7uh3k - id: 471 - what: 45358.748911usdx
height: 93361 - time: 2021-12-21T09:34:25Z - previous bidder: kava1svtehhtemmuk5hl9qxydhswdhqcfjxvrphws65 - id: 471 - what: 44905.161421usdx
height: 93545 - time: 2021-12-21T09:49:48Z - previous bidder: kava1gfdkdeyvamglk2tc8quqtddjksmnr7eya7uh3k - id: 471 - what: 44411.204645usdx
