height: 75669 - time: 2021-12-20T08:54:33Z - to: kava1t5jgg4u4jk2cqwsyt9jj353epq5wlzt9z0deks - from: kava1fhl9dvhrz3kah6q0xnpgadpknm2j97x0pvrt7v - what: 282788.176275usdx
height: 79276 - time: 2021-12-20T13:56:16Z - to: kava1t5jgg4u4jk2cqwsyt9jj353epq5wlzt9z0deks - from: kava1jh8ttw9dya8p3430zrylm5lqp4m0e87ezrjxjl - what: 121825.677927usdx
height: 79324 - time: 2021-12-20T14:00:17Z - to: kava1t5jgg4u4jk2cqwsyt9jj353epq5wlzt9z0deks - from: kava1jh8ttw9dya8p3430zrylm5lqp4m0e87ezrjxjl - what: 130436.682657usdx
height: 88581 - time: 2021-12-21T02:54:35Z - to: kava1t5jgg4u4jk2cqwsyt9jj353epq5wlzt9z0deks - from: kava18wtzheudz5ct7sumev0aqgcdnh5llz083my2qy - what: 248111.585519usdx
